0000000000000000000000000000000000000000000000000000000000000000000000000000000000000000000000000000000000000000000000000000000000000000000000000000000000000000000000000000000000000000000000000000000000010001111111000100000000000000000000000000000000000000000000000000000000000000
0000000000000000000000000000000000000000000000000000000000000000000000000000000000000000000000000000000000000000000000000000000000000000000000000000000000000000000000000000000000000000000000000000000000000111111111100001000000000000000000000000000000000000000000000000011110000000
0000000000000000011000000000000000000000000000000000000000000000000000000000000000000000000000000000000000000000000000000011100000000000000000000000000000000000000000000000000000000000000111100000000010011111111111111100100000000000000000001111111000000000000000000011111111000000
0000000000000001111110000000000000000000000000000000000000000000000000000000000000000000000000000000000000111100000000001111100000000000000000000000000000000000000000000000000000000000001111110000001000111111111111111110010000000000000000111111111110000000000000001111111111100000
0000000000000001111110000000000000000111110000000000000000000000000000000000000000000000000000000000000111111100000000001111100000000000000000000000000111101110000000000000000000000001111111111100000101111111111111111111010000000000000111111111111110000000000001111111111111100000
0000000000000001111111000000000000000111111100000000000000000000000000000000000000000000000000000001111111111110000000011111000000000000000000000000001111111111110000000000000000000001111111111100000001111111111111111111000000000000001111111111111111000000000011111111111111100000
0000000000000001111111000000000000000011111111000000000000000000000000000000000000000000000000000111111111111110000000011110000000000000000000000000011111111111110000000000000000000011111111111100000001111111111111111111101000000000111111111111111111000000001111111111111111000000
0000000000000001111111100000000000000000011111100000000000000000000000000000000000000000000000111111111111111100000000111110000000000000000000000000111111111111111100000000001111111111111111111100001011111111111111111111101000000000111111111100111111000000001111111110111111000000
0000000000000000111111100000000000000000000111100000000000000000000000000000000000000000001111111111111111100000000000111110000000000000000000000000111111111111111100000000011111111111111111111100001011111111111111111111100000000011111111100000011111000000001111111000111110000000
0000000000000000111111100000000000000000000011100000000000000000000000000000000000000000111111111111111000000000000000111110000000000000000000000000111111111111111100000000111111111111111111111100001011111111111111111111100000000011111111000000011111000000000111000001111110000000
0000000000000000011111110000000000000000000111000000000000000000000000000000011110000001111111111111110000000000000000111110000000000000000000000011111111111111111110000000111111111111111111111100000011111111111111111111100000000111111110000000111111000000000000000011111100000000
0000000000000000011111110000000000000000001111000000000000000000001111111111111111000011111111111111110000000000000000111110000000000000000000000011111110000001111110000001111111111111111111111100000011111111111111111111110000001111111100000111111111000000000000000111111000000000
0000000111111000011111110000000000000000001110000000000000001111111111111111111111100011111110001111110000000000000000111110000000000000000000000011111100000000011110000011111111111111111111111100000111111111111111111111110000001111111000011111111110000000000000001111111000000000
0000000111111100011111111000000000000000011100000000000000111111111111111111111111100011111110001111110000000000000000111110000000011111100000000111111000000000011110000011111111111111111111111000000111111111111111111111110000011111110000011111111100000000000000111111110000000000
0000001111111110011111111000000000000000111000000000000000111111111111111111111111000011111110001111110000000000000000111110000011111111110000000111111000000000011110000011111110111111111111111000000111110111111111111111110000011111110000111111111100000000000001111111111000000000
0000001111111111111111111000000000000000111000000000000001111111111111111111111111000011111110000111100000000000000000111111001111111111110000000111110000000000111110000011111110111111111111110000000111110111111111111111110000111111110000111111111000000000000111111111111100000000
0000011111111111111111111000000000000000111000000000000000111111111111000000000000000011111110000000000000000000000000111111111111111111110000000111110000000001111110000011111100111111111111110000001111111111111111111111110000111111100001111111111000000000000111111111111110000000
0000011111111111111111110000000000000000111111000000000000011110000000000000000000000011111110000000000000000000000000011111111111101111110000000111110000000111111110000011111101111111111111100000001111111111111111111111111000111111000001111111110000000000000011111100111110000000
0000011111111111111111100000000000000000011111110000000000000000000000000000000000000011111100000000000000000000000000011111111111111111110000000111111000011111111110000011111101111111011111000000000111111111111111111011111000111111000001111111100000000000000001110000111110000000
0000011111111111111111100000000000000000000011110000000000000000000000000000000000000011111100000000000000000000000000001111111111111111100000000111111111111111111100000011111111111110000000000000000000001111111111111011100000111111100111111111110000000000000000000000111110000000
0000111111101111111110000000000000000000000111110000000000000000000000000000000000000011111100000000000000000000000000000111111111111110000000000111111111111111110000000011111111111110000000000000001100011111111111111100000000111111111111111111111100000000000000000001111100000000
0000111111100000000000000000000000000000011111100000000000000000000000000000000000000011111100000000000000000000000000000001111111110000000000000111111111111111100000000011111111111110000000000000000000011111111111111101110000111111111111111111111110000000000000000111111100000000
0000111111100000000000000000000000001111111111100000000000000000000000000000000000000111111100000000000000000000000000000000000000000000000000000011111111111111000000000001111111111100000000000000000000011111111111111100010000011111111111111111111110000000000000011111111000000000
0000011111100000000000000000000000001111111100000000000000000000000000000000000000000111111000000000000000000000000000000000000000000000000000000000111111111100000000000000111111111000000000000000000010011111111111111100100000011111111111111111111100000000000011111111111000000000
0000011111100000000000000000000000000000000000000000000000000000000000000000000000000011110000000000000000000000000000000000000000000000000000000000000000000000000000000000001011111000000000000000000010111111111111111110100000000011111000011111111100000000001111111111110000000000
0000000110000000000000000000000000000000000000000000000000000000000000000000000000000000000000000000000000000000000000000000000000000000000000000000000000000000000000000000000001110000000000000000000010111111111111111110100000000000000000001111111000000000011111111111000000000000
0000000000000000000000000000000000000000000000000000000000000000000000000000000000000000000000000000000000000000000000000000000000000000000000000000000000000000000000000000000000000000000000000000000010011111111111111100100000000000000000000000000000000000000111111110000000000000
0000000000000000000000000000000000000000000000000000000000000000000000000000000000000000000000000000000000000000000000000000000000000000000000000000000000000000000000000000000000000000000000000000000001000111111111110001000000000000000000000000000000000000000000000000000000000000
